4664
25521
772
9554
3408
3372
1241
22677
20758
17424
16483
7842
453
7692
15230
10917
7383
5843
7267
16483
1452
12827
8034
24716
5399
8589
18683
15026
458
24004
9246
2149
23007
7045
8730
23442
10416
9971
16628
4655
24422
6592
9524
24874
11311
21782
6301
18693
24652
13567
5686
26103
23422
13719
24301
2302
19335
13493
17327
16820
10978
54
18969
7466
4127
24726
1417
14542
5206
18044
16225
138
21663
25748
25011
6456
18039
1821
22176
16173
12416
24889
15757
9319
12089
10567
8648
4906
24059
25974
21725
8519
23055
11203
13012
663
6439
14429
12233
11644
2982
25485
11781
24645
21742
7302
1610
13263
6150
20813
2917
15593
19184
15701
21939
1782
26268
4068
3715
23808
551
22468
2836
23606
7152
15848
21296
10618
786
4038
19290
795
3004
1580
22467
24746
5909
24076
8518
12059
15399
11434
24679
8064
24162
20100
9845
23911
24167
13560
18229
24718
6537
18092
18833
10716
4449
10638
21334
5234
14676
14105
3057
14707
15684
25523
12934
18621
23081
18479
4161
8989
422
2321
17052
24584
19448
23924
21976
17097
7993
10714
12324
14529
2288
1666
25245
6736
12303
20060
8998
460
4674
12054
12195
17385
11058
25128
9487
4648
17089
10675
13636
17510
10024
1197
12603
2953
25121
5089
17077
3623
15802
26428
18152
15117
1575
13906
18881
13878
4475
1360
11365
9148
10441
23559
23560
18526
19197
3557
23174
6795
11259
7319
21332
18310
5544
7417
21263
1174
12505
8849
4796
25334
8759
19975
13933
7361
7362
6295
21238
11836
4682
3113
18011
15122
153
12081
7129
16377
15637
812
23171
23923
5159
15013
15715
10702
22429
7487
8903
5443
16335
13698
4258
22121
7155
15218
2964
11544
21512
21229
23380
23221
24341
11900
11824
24494
23980
15981
11380
10126
13820
8033
7531
18978
23045
20273
189
15983
1241
9091
21425
17575
19817
22710
10206
23999
11410
13169
9024
3431
7879
2913
23680
5702
14813
6013
705
9302
21993
12084
16456
6323
17144
21014
22328
10698
14768
22517
162
16008
2117
18614
4092
18961
11834
14297
16441
20271
24493
22493
20729
5854
25405
17890
8583
10727
23903
9287
20029
16405
18398
9966
22727
6052
4461
18537
16749
16256
11563
13939
5745
10707
3062
6864
3150
14895
21161
16618
8647
16163
12592
26404
22016
11479
17775
1108
22205
15159
7422
12743
5046
25820
19736
24800
5353
21224
13846
19129
10961
25408
6549
13733
6625
6639
20597
9774
21533
12267
23419
690
1911
9493
575
20955
17999
18349
22062
10713
4018
2966
23456
6091
25813
16673
1400
1675
11379
15246
20803
19367
14135
24380
6582
20759
4500
660
1042
23060
9954
24461
23749
11864
4463
21351
3328
22461
10210
25390
6655
14227
25383
620
17345
24677
14321
18744
26351
22727
7471
17663
15575
18634
15524
22156
9902
20023
19843
10944
16565
3278
5914
10823
12170
7404
5656
15497
3346
15865
11396
7028
601
10260
7648
17945
5446
18996
7198
5278
15204
14669
22941
4260
3812
8974
23444
13713
2479
16768
21684
16071
17074
1079
375
26271
8482
3058
12277
8855
18922
23673
15883
16550
4442
20558
7976
9888
13035
15174
12193
1720
352
8615
3007
4163
17589
26450
17875
17095
13728
13041
6647
1311
11147
4049
1063
16657
7107
13339
22539
23056
7521
8931
13088
11963
2970
18091
18878
13032
3774
4552
11779
1153
10195
11814
5315
24811
11745
20218
12415
22500
3768
16089
23810
11942
20137
21900
25626
24271
5749
21647
17837
13269
4059
4406
22259
4057
19524
14618
14116
20326
16198
25895
21478
23420
11190
275
21712
19962
17520
7608
15944
21287
23696
10263
3738
14342
2673
2846
12095
8421
24492
3413
18717
25578
4846
14458
3116
21397
26103
17232
15204
12810
13636
10164
9711
21853
7466
1932
15296
24985
6567
1749
16781
772
9040
17546
15114
11712
20391
24236
17160
15392
24676
9358
11480
31
20843
14595
21427
20428
2336
10113
3747
12999
17304
13458
8333
24769
12417
20657
20263
18984
22405
7553
19755
1954
25098
5378
13665
15999
3095
4306
1900
24798
10692
13379
24828
5016
25002
16765
25443
24365
23905
26218
10846
14690
13157
16206
9968
22601
10344
740
15066
3259
5320
8303
5212
927
10708
15905
16925
13803
17238
18825
9110
1411
2713
7420
6427
1196
24184
2379
25561
18598
2078
9888
6769
12262
26093
13764
8345
6947
14503
20438
10205
16850
25768
12444
17776
9958
1830
5211
23760
19068
21063
6351
17506
23775
10798
20960
24971
5491
23339
24013
24088
22444
4410
1366
5216
1012
15129
10588
7958
141
4507
15190
16990
3757
1116
8248
13714
26491
13458
7983
16068
8002
11361
7056
2286
22159
1497
738
24677
21863
21778
22247
14817
23215
20640
20032
24227
9251
4101
2694
9391
8607
14912
23409
9391
13055
2166
23104
13027
15623
4568
2577
20652
12957
6660
22937
8597
5184
20703
3783
529
15962
23057
15345
12659
17179
5886
7395
26429
7014
7116
6329
15620
22027
247
25011
8563
2412
18624
18618
18034
20220
21194
9195
6658
1335
5614
12282
6518
26316
16064
4074
12787
12603
16446
22473
3263
19359
377
201
26372
7493
3557
15474
29
3804
10994
5620
6215
3099
24237
21277
20346
15940
3953
485
14302
6594
12766
17847
3419
2312
18949
16206
11942
8876
12160
15204
1717
12537
12432
25116
17057
15988
14071
14113
19791
22092
19732
26006
22219
14478
20764
16046
3899
21744
16531
15228
1820
26324
6557
5238
2117
25505
21443
14058
4890
4113
26289
3634
13677
12202
2232
1243
1672
13330
15355
18490
5932
8569
17977
1632
20074
9250
14705
21001
4476
1745
9710
3323
1551
13294
8560
3667
9308
513
14753
14198
1653
11551
14859
15329
23753
14118
16571
22452
930
5407
14423
3889
11003
2910
5520
4559
9187
17252
25559
10690
18997
5778
14012
20547
19072
19600
21241
1861
20112
6503
13086
21764
18054
24973
7602
12316
12572
21200
8249
10529
88
19699
14417
8119
19636
16964
9705
2305
7698
5773
12994
176
11550
24034
20722
1131
17115
12472
20
10708
18975
13105
2981
10510
8587
7610
22825
21159
2291
1583
2197
2378
18309
16614
7524
11427
7059
17228
10759
11784
23000
20780
11959
5060
18295
3190
6190
8891
15662
6209
16626
5146
16342
16634
15655
24928
24243
8989
16596
15
7599
18793
25939
22935
5916
6944
7843
12974
21200
15629
21786
14709
9891
7226
19768
1667
7444
22986
7586
20133
2676
24211
25278
19017
11355
14414
14455
9079
20430
4532
9094
1510
23324
5542
21472
26267
12485
2797
9751
4194
15453
5018
18903
25343
9271
9180
24038
16714
5647
5105
10328
5351
26343
9087
21395
11179
20528
9331
17286
14439
13863
23407
12976
7696
2430
7930
7445
11942
7754
17195
16136
20234
19240
5548
19059
1992
14727
13606
18706
17402
18710
26061
22752
15562
8630
17628
23769
26185
23987
14536
11134
11331
8452
21137
16054
10881
26094
20526
22822
4357
8230
12439
24591
951
15014
17131
26489
3223
4218
18676
17652
19955
15246
13885
6026
20903
2022
3276
20570
26008
14839
5185
7848
23290
23349
20930
4680
22925
14937
984
763
20195
10450
25353
18173
25464
12993
18143
25714
17210
7328
16847
7674
22574
1241
13700
16958
290
14003
8037
26298
25870
10249
4655
19669
7080
25584
24349
3486
11031
22360
1276
4707
6291
111
19907
2264
13103
11532
1459
823
15887
15333
8496
8970
13601
22195
25928
13891
6708
4474
10698
6059
14723
15352
25727
21802
14418
23557
22315
25448
19398
23590
664
22717
20728
20570
24980
7313
2611
23467
5163
18498
9309
13658
24495
22910
6363
23904
7310
13070
25406
18007
16156
13610
3868
15364
5921
18285
9431
25263
14242
25856
22334
14905
19082
13572
5985
14572
17912
8595
11520
23074
24120
20828
10213
22097
14247
13603
16510
18584
23700
15397
10072
13337
26034
13940
25729
5436
2734
8641
4180
16976
5006
23542
2390
21116
7623
8374
9169
25534
13997
20688
22089
11598
12025
2811
4204
23300
16414
17742
15365
13595
6620
22465
414
3164
6914
23170
5627
9647
2320
6835
23650
7325
3858
26040
1922
8508
7895
11090
7523
21891
2287
3093
3999
11340
2931
8202
8121
19344
25943
23485
3449
3073
16459
890
6236
23372
24059
8890
6501
26378
15724
660
4212
16609
181
3162
25116
8076
14251
6120
476
13566
6240
4474
24905
9171
9704
6507
25542
6156
501
2472
6256
16960
389
9519
10841
24447
18409
17341
21334
7614
15029
25546
24223
15209
2189
22820
20312
13467
25968
20788
24060
5689
22289
22446
11887
2502
25980
10911
8658
26481
10410
14913
13950
10799
24432
24790
5755
16322
12641
24117
23935
1151
23144
18667
16359
22360
14969
7181
6336
14418
1450
3878
17134
20766
26323
26049
23268
25785
10441
5407
22775
17878
17347
10206
25704
15260
5505
1969
2091
18145
26085
23054
19295
19738
15202
6164
15579
3652
13344
21914
15097
11821
25791
2741
6068
25596
2271
26363
21890
9739
2279
18146
1098
19626
25379
23830
5395
4365
25798
4514
19538
22392
1049
12314
15611
16250
15505
4671
16930
25876
23612
2536
8206
19913
5276
11302
16018
7546
11146
11389
17284
13425
44
15410
3560
25422
9749
8954
296
6056
13467
19833
1929
11543
2657
17539
1275
15189
19237
15232
14547
13358
17767
22752
6752
23043
7535
22769
1098
15709
4667
18382
2615
4710
4301
6174
641
14049
12155
937
20104
22650
20769
22032
7674
20453
10080
5976
9124
26344
21207
23670
10211
9484
16931
16963
6008
21494
10241
7105
10684
14908
22514
10326
19617
296
13527
17286
14344
25681
18222
4957
18840
9500
24016
23542
463
7577
2999
9586
4430
21234
3765
14641
4199
20695
2113
10206
12698
9381
14338
23381
24288
7362
4216
14415
7657
17742
5182
19029
13933
20431
21013
6254
440
18511
3277
902
26087
3304
10487
1027
24537
11279
12695
25763
2484
11835
6478
15181
21215
20815
9072
18985
1658
13287
3909
6343
4511
6118
22399
18443
30
16893
21724
24015
8885
25001
24917
5482
25332
5913
3536
20378
17192
16230
19622
19675
1546
26099
5365
19788
17423
14436
9282
19081
1205
13190
22451
5715
19307
15359
24157
16364
5733
19362
10889
11646
14872
6315
14155
10713
12227
17690
4572
26446
7401
24193
16630
5974
23773
21995
22789
14678
9912
5553
4268
11116
18742
23746
13858
8559
12586
8524
21950
15346
24914
3348
473
13267
9662
14627
21008
18917
2826
25579
18844
7254
20282
5984
13227
14564
1460
9498
26269
8399
12078
4018
16543
1329
24791
3882
9887
7886
12406
2347
23232
10801
5694
20732
21095
12384
5869
12612
4782
8694
11673
20653
15948
2464
118
26202
17027
25123
6209
16778
7004
18286
17823
20574
19615
13124
21483
11
21009
7370
25903
17722
15198
5079
11936
6803
17462
14832
16442
19271
23525
25142
13405
9982
1087
13523
9666
18114
12127
12902
5401
16158
4670
23223
10213
21312
9828
5178
21322
1347
9575
20707
19068
21801
22813
1513
25631
10784
16344
15554
3536
10379
14178
16940
20360
12292
972
535
3887
10127
13437
6315
26284
15134
48
7007
9927
6903
9212
1758
8249
15814
19492
799
11096
12814
25857
7236
23597
12711
19818
24160
20117
4505
11610
10986
16796
12581
11521
17711
22707
21985
24025
19501
10600
24072
26507
17554
4457
9200
16339
12705
25013
9313
10531
6619
22126
6898
10882
16233
19608
4181
13874
10234
8685
22511
21219
25481
8574
3249
13701
1790
25233
11207
21290
6342
8761
18306
20923
10245
987
10744
22949
23028
20056
3990
156
12691
10887
11037
2405
1004
12246
13307
11237
17958
9299
5937
16920
14900
9186
1130
13718
4928
12337
8489
11270
18125
277
5674
1851
24809
13445
21827
18346
6982
25816
18501
16701
7212
48
19105
8215
12293
2921
16479
3732
9248
22416
17680
21175
2111
18809
8374
4066
1655
16863
12363
19779
14167
15065
21629
12457
1991
16938
1313
6001
13263
19813
22701
20475
16888
12315
2171
26208
15236
18650
3422
21511
11575
18129
16167
10713
7447
21569
14778
9102
8941
24169
2362
23107
12715
21019
6073
14705
11438
4413
20705
24700
24226
16887
18656
11623
2684
17855
11313
14947
7014
11762
6967
18588
3372
20161
26328
7846
15211
11615
16947
24151
9265
16337
17767
21979
10837
20868
10166
22274
25280
1380
17483
20015
18267
6649
5120
17978
24503
13460
3434
4998
25221
10400
20613
2074
4042
17450
9919
16281
2546
23894
10941
11811
13712
25736
7271
24548
17113
14464
17331
12902
15844
8295
6399
4620
11971
8546
22597
9955
19033
26030
11980
17735
6939
3102
16836
10980
20551
23782
24288
23097
21157
8711
5417
5378
7928
12687
3407
25040
633
17765
11423
13504
26060
14849
18123
8540
20422
14201
18495
12936
10740
984
4152
17678
1114
18015
25685
21664
15279
23455
15270
9917
2675
20686
15295
10602
3883
15729
6151
1543
6976
17573
15046
3545
2932
6650
12084
20381
17878
1088
6799
2099
2072
7978
16804
213
25993
15970
21876
14753
9934
7656
21697
12608
25369
10473
20237
2733
23230
26387
4275
3687
14470
19320
4259
14429
22997
13370
8291
14356
14458
15089
16454
13557
20095
3767
13769
19569
16765
6154
4831
180
10837
9
9816
9688
7510
562
9448
4221
431
13723
4935
11928
3552
9193
26356
23577
22562
5156
11414
7529
20245
24896
21085
10849
2144
5363
3899
18908
8545
8729
16116
19381
8737
22959
2550
16246
23520
11998
17494
23950
22748
22428
6387
23327
2130
3252
20385
21720
8408
2309
2730
25680
686
20843
10010
26375
23233
13908
18765
5259
19664
5390
24640
25428
1830
24217
15156
25349
6724
3159
19809
2953
25587
26195
23308
1198
26475
17174
22917
8364
16510
22675
7525
17195
14027
17534
17052
10741
1951
6326
16000
21614
8743
11149
20523
10572
8847
6188
6430
15571
9347
26238
15551
5443
22943
12340
6640
19927
24
67
1772
16533
19769
6324
4238
7277
23857
18317
15045
22835
21670
4526
17930
3894
15674
8962
14465
21549
12178
17922
7629
21524
14670
23179
448
8122
6029
4115
1530
6052
1209
3301
19612
18005
9624
20877
25281
3990
12675
13808
306
7826
15361
15263
8747
1545
21252
20239
20121
6911
11643
1231
25462
26312
24409
22937
7915
3919
534
9444
6998
25288
9772
23638
16775
16423
17996
12565
20412
1181
23400
17745
6034
12243
6489
14781
10815
1222
5529
4417
5161
17171
5647
4104
13992
565
523
18934
1512
24602
25405
8509
20399
8658
2656
10655
25080
17680
20248
16001
15888
17129
7227
21921
26399
10743
7211
10695
11965
12740
12139
14153
420
17785
18256
14412
15378
15806
3855
16889
10917
2742
22425
4798
8427
25081
12480
4017
16242
6209
20017
5611
20366
24272
24559
20246
8496
5252
1451
17488
15019
10617
5122
12466
25430
20406
359
14289
9693
1242
4659
20610
3983
565
22435
9437
25645
8396
13453
12396
11633
3980
15034
5480
1733
13075
22753
7256
15354
21231
24744
882
5330
375
13347
4241
20780
10734
18529
3955
11975
23187
21592
12985
20779
17508
22421
19906
22931
9356
2811
8045
10363
17845
10552
9123
1429
6787
16378
16782
25045
11631
14691
3856
12006
1519
5124
6267
12252
23652
7249
21254
17348
25868
7720
11609
13885
3623
2024
10298
10006
1862
18342
17396
19706
2376
26518
18162
6190
13405
5453
4716
25036
20143
8572
7551
18690
10723
10845
4423
7857
15122
22705
22232
14471
3906
4350
1838
4556
3401
12135
11589
5263
986
26012
21996
389
26011
13640
6578
9926
16120
8322
8443
9745
13921
13021
1916
24643
23865
3366
5981
9496
26070
25241
23967
486
100
22832
2069
3501
5476
10686
5791
6461
10179
1268
3878
9672
11935
10455
16625
1537
18776
25067
8309
6178
8597
10224
4303
2971
10617
7311
12467
7197
3061
9915
7682
3161
3256
6778
3689
8731
17463
9479
12219
1124
7774
16096
7823
16737
23579
24447
15301
12864
20023
23609
16070
25647
4342
20372
2099
11986
24710
14565
19182
24799
21507
23891
1441
24762
4151
5129
4002
21613
11635
16221
19764
19408
2826
24614
9626
26404
19570
21954
12750
10102
19044
25847
9230
20413
16728
11329
5881
14919
25893
22090
10227
20882
19463
11667
16153
23613
13823
20155
15735
22485
6885
6009
15375
9710
4104
22028
6624
23674
17464
16401
4285
7017
15729
13515
24458
5938
24843
848
17884
21245
22937
1593
15608
15881
10287
2271
10003
21138
22425
25738
17104
2791
5228
2988
9528
6359
22044
13179
542
10017
3061
4827
14061
18789
18341
12000
21754
13693
9875
13120
8419
6294
11740
24027
19202
22026
26297
2687
13673
19231
25452
4259
19049
4161
4274
25604
7547
26317
12265
8089
9815
15325
9943
23876
4624
1765
6385
23405
15457
16260
10006
23875
19581
18773
18411
12264
11309
15217
14950
24981
4957
10911
26267
24005
15071
4023
20119
19646
3821
5865
24762
10664
21189
8186
5049
22840
6978
11433
19727
22434
1174
242
16818
17782
19015
5739
3528
3805
17983
15505
2267
19968
26416
2016
14482
11996
3066
8082
5123
6886
13946
3366
14577
5645
8579
19625
1966
15556
4540
21692
8499
2741
18962
25317
20523
11458
1565
21078
15262
16575
10064
14556
10024
9961
13599
24506
18985
16664
6069
21135
20578
20015
24501
8636
22687
6561
1743
24652
19145
3310
16854
1125
3078
9297
23469
20628
20754
25033
15187
6525
15090
22279
18108
22141
2749
5189
20128
21733
21852
23225
16350
12939
16721
11360
21575
12889
14948
20345
8050
7574
20682
24903
8699
20787
4709
5649
14897
22490
1192
593
2496
13309
22871
17632
8931
25620
22820
2541
20834
15181
22793
7693
1602
10023
19052
20204
19939
7482
11058
1470
12083
2249
23401
20781
23035
1591
23458
11413
21109
24649
12006
20632
11439
5386
11745
20369
4487
8046
19937
22349
23227
16211
3523
21856
26233
19603
12569
19653
24112
23626
18151
9676
22902
15033
3939
19418
13651
878
1341
8241
25526
10374
2355
7474
15759
14099
1324
20246
19173
18289
13104
12909
7981
16626
8246
4724
6738
20814
21404
4331
14949
13036
14007
11332
1550
14973
1259
12229
12878
2599
20469
11885
12972
19851
16386
25759
7432
17709
19486
86
6507
3099
12994
11516
16752
18267
16239
23490
9590
11124
1302
21566
24160
12336
3407
22737
790
4665
8447
13667
7264
25944
22579
17263
19276
12446
16503
189
665
6498
23820
7171
9596
7323
15714
23376
22617
5434
20347
2716
13586
21648
24281
8255
4494
1169
4473
5283
2862
9948
18950
7153
9373
15010
24415
25676
24484
11428
22893
25148
14953
20194
2828
21577
24545
18542
18434
20643
21003
12262
20387
8070
4419
18149
13352
8912
16346
14853
14195
19207
24800
3654
26359
4682
15691
21283
3839
10684
3220
213
6341
18173
17435
9169
13231
15461
24738
5146
6613
16250
14435
24027
21348
18853
15658
8181
24793
2513
23033
9497
18747
18342
13150
18587
20051
25868
10379
23890
10034
13599
21130
16374
5253
12046
22570
15511
24534
17817
20656
1657
7549
8572
25683
2378
24452
11850
10558
19754
14362
4101
2732
6590
19470
12909
22204
13003
9287
6065
10374
19320
16691
4985
6203
18971
14059
2255
7963
9102
20071
2100
10758
1101
7699
6951
506
2660
18800
8092
22414
3672
12192
22173
7289
5143
5592
2975
18145
14878
6067
25546
7679
19785
1041
13881
12237
12127
13163
20199
21228
6716
22298
2496
4844
506
9446
5350
193
25273
10469
19634
2426
22660
15289
9715
24830
20880
9717
13485
9239
15783
9540
13945
9049
10580
1307
21285
19734
11498
11993
14444
18213
7772
13967
20084
5305
23412
22461
5497
19194
6411
25131
21620
26098
10929
1844
21438
2318
11560
8404
11556
24370
17943
25500
3928
25551
23834
25212
18766
8813
10686
3719
24053
15485
17685
14647
17817
11606
7617
20341
4282
14028
15981
22929
10635
391
24772
5554
2708
6841
13957
11291
4692
2410
7300
8619
24988
1644
4340
14263
7484
12053
17982
2047
24565
6176
16693
12891
14810
24309
6713
16119
8846
22694
9557
19481
20112
7810
25034
19848
11678
9501
4620
16369
11910
8948
22015
10379
10591
23382
21669
18074
8916
13132
17148
3990
16336
7322
16880
1655
2141
20620
14801
8014
16795
24357
976
7417
5648
23038
746
17325
6020
2393
4203
14957
11340
23245
22363
18958
20108
17513
7542
26051
1155
24689
3522
17490
5493
17429
16172
4661
11530
4454
12674
25353
2292
10678
6251
4967
7197
6996
19319
13216
9388
20549
1654
17756
17275
24016
10195
10864
15010
17736
7424
13192
15907
7973
1191
18427
25401
17362
23087
7440
18843
6270
6274
21134
16947
9552
23128
24143
16547
15928
7868
22963
9958
6549
14200
24260
1074
21422
5633
16084
12640
13056
26303
25574
18056
976
17482
16938
18337
11078
21406
10662
17347
24707
2305
4804
7741
25433
2428
24287
11870
7324
17759
21828
13872
5440
16597
14946
344
22230
1539
10011
5795
1323
9066
23851
2298
23575
11298
17663
8134
6185
1806
22508
4374
1138
793
12114
52
249
6910
11922
7572
24669
4259
21443
618
20855
6898
24507
13594
8436
5027
19389
6787
14092
16721
9084
11148
1500
228
16309
7685
25579
12299
9086
199
13091
18227
23796
13339
25136
9199
17938
20314
10485
9891
20932
1850
16788
15948
15443
22252
20975
8313
2520
5576
25033
11603
13752
23561
8859
3542
1755
4947
15840
10840
5145
25959
2548
25969
9807
24711
5677
1227
18507
16162
11117
9948
18011
24932
22923
3963
20665
17379
9304
23184
19983
4846
5297
7216
1888
11183
10757
3642
16129
23625
11509
18302
23065
14056
17752
3381
9277
23428
4607
24811
10099
12751
5268
25137
8193
1672
2582
2339
16079
11885
22551
9543
13758
24875
16758
15646
6567
996
19287
19723
21648
1306
11506
18194
12389
26285
21575
21665
20223
23209
19957
3803
6470
25224
25968
14662
23924
2031
14028
13484
10943
7088
20054
24700
2472
10293
10855
9038
8316
652
25789
3446
1957
7804
18667
14345
7571
10751
6520
24821
4470
26476
2105
10939
22210
1554
22628
16643
612
7165
3608
8582
11281
20689
3792
10780
4463
11674
16846
9806
12325
16116
10279
11309
23919
2428
25654
1999
10206
5655
301
14675
2640
25952
22641
21877
24533
18750
12001
22173
22943
12636
4236
4733
6806
5055
15512
8296
13757
5839
18102
26081
21954
1862
10872
19355
1317
7035
18381
11523
9717
18682
26197
9384
18115
22320
4743
16129
11579
13771
11783
5031
26407
13047
9763
3722
15129
25275
12018
2367
1623
629
25476
23577
26036
6857
13441
835
13891
5303
9385
20635
21012
9063
3500
12608
1892
5270
2219
10499
19041
11029
15529
18929
24075
22320
19678
9714
18104
5177
12080
19726
5805
11037
13812
5323
17893
734
3185
2293
3065
12569
22927
24076
18659
23455
10166
20551
2206
9412
1559
21246
17468
14115
10684
12053
9916
3844
21766
1501
6048
4355
18255
8881
15392
5548
11231
3794
3310
14415
3115
6374
24011
26041
3931
16151
20005
11124
7211
22211
17563
8769
13966
5541
22884
21678
17593
3309
25521
9868
1838
2078
14222
20092
10958
123
25639
22188
945
2430
7112
4059
5831
4604
609
6790
17783
20614
17913
24993
16306
5986
4272
781
11526
24183
22458
26146
24519
18488
9495
26356
20566
23716
19929
2033
20867
16078
24221
21811
15535
1842
25869
18394
3474
26477
25183
21256
20572
13605
16758
7387
16618
18057
8168
1625
15721
1135
1252
10750
19623
7774
10587
13670
4972
1026
15702
25838
14131
10432
21130
175
12274
17508
18568
15747
17466
17232
7512
11520
1347
24269
15934
17964
12836
24101
16617
25584
25236
14896
9815
15368
22670
20402
2519
24669
18455
15248
21016
6067
22708
12655
6241
5491
3644
24809
18265
21109
12550
25776
3138
13896
20554
19072
5342
6871
13682
21958
2965
9427
10335
12779
24794
3514
6662
794
1664
25116
13070
22679
1692
6287
8815
7933
11777
12458
3251
3523
4077
15800
26326
7214
206
17389
23313
5547
21288
10477
24532
24252
19903
5376
10512
18179
8890
14202
16000
10553
9827
26097
3742
11519
5865
12556
16479
17641
22042
19729
18191
26118
9010
15026
3841
9215
2925
636
11789
24212
11112
6830
18973
1524
12206
26512
19702
18123
14195
6212
25703
21050
5790
2926
6050
11655
12510
19556
26323
5061
12766
15024
4660
18803
559
5528
25046
3483
6163
10316
24722
14302
14174
14204
12854
23407
14198
6037
15011
25420
9276
11223
19951
15066
11177
23028
23748
20714
16065
20580
25774
25858
9085
943
18143
6672
6470
16670
7182
9661
24013
5386
20990
8696
16617
7325
5584
4296
10390
17622
3198
19665
25873
20176
5240
10531
16686
2469
4726
3260
23049
3981
2600
2643
4923
17770
9314
8420
7921
16496
18080
2443
18909
9580
11139
9007
16904
13750
13303
24321
1882
13528
17468
1236
7185
19735
11766
20898
22204
13519
24158
18734
17499
23785
21376
19449
15036
4172
1350
19984
17695
16458
19454
10085
26037
1102
19091
13450
14852
2903
8281
13761
16430
22776
14996
20643
15992
243
15022
11677
10789
9689
920
1769
6955
22296
18245
19018
23495
16622
12483
11699
6561
2447
21783
3107
3548
11383
13585
15427
14286
21865
2669
1225
15150
14692
21867
4623
11962
7399
16300
22750
17087
17219
21546
21070
10024
13272
13569
4028
3376
23080
15726
6964
22554
8018
7099
26101
19401
17711
12038
4196
10085
11734
5420
25234
26426
24315
3338
11869
5195
16665
8101
19309
4394
3128
13860
11445
13428
24457
15473
16803
18046
1708
20794
14081
9726
1374
13663
2608
16112
22728
6803
26196
7944
9250
24911
4879
4074
25277
16747
6296
15423
21875
25605
16844
25003
9974
1771
8940
4940
14271
22770
22985
15978
17045
10547
25703
15447
21238
1792
5040
17447
5622
4718
22418
11900
3110
778
15973
1868
17525
19297
14319
9909
18383
4644
5421
25384
3442
14360
3806
17712
10611
23818
7172
1138
7847
6356
13612
2566
5176
18651
17040
7825
23368
12940
16752
23506
13717
6207
22401
1751
25503
10201
11660
14395
11873
17080
10288
15314
4922
11121
6508
15532
8421
10707
13697
13295
17062
790
15860
19265
19441
6381
24118
13318
16348
14351
7333
3547
17585
3216
2325
16569
10444
13984
1473
19344
1574
8789
5168
6495
19909
11675
19054
25357
19409
3261
12133
6980
4050
1474
26245
20518
4883
20872
4346
21230
8704
11678
21804
26289
11921
24129
13367
19393
8622
11868
9246
10195
20656
14413
13717
11074
23115
3281
9913
16005
6541
22045
22985
10590
20547
19739
1618
22457
14092
5963
14196
22795
14668
9482
19593
23617
4120
6442
16491
12741
15337
25736
19964
9474
10659
7162
17575
7255
10442
969
23260
16982
20042
19726
24600
14070
12946
26217
7036
24065
2689
21231
20341
17356
1222
10444
14454
5341
13913
1454
15110
2731
24218
8555
9232
8358
12744
288
12640
23186
1257
9381
10677
18326
26134
5786
2905
9589
2512
9940
7135
5200
4652
24504
19584
5874
8429
4547
8242
22341
3029
23351
25071
728
5387
7784
6113
15159
5099
18752
11826
3383
25161
19530
21708
24776
22344
24612
7847
24855
5061
12009
565
6741
9994
17176
9642
18422
18750
17883
11272
21778
11744
9824
19533
14158
14635
25645
2798
16762
14907
11651
20144
13549
4663
15334
8834
488
10455
13708
22370
12544
25717
22934
19284
6220
10619
2407
21670
2851
17317
6423
24628
2542
13275
14671
16700
24937
10825
19497
15180
25731
4630
8806
9789
6320
21167
18623
3835
2131
5812
23232
14674
5010
16676
4467
11230
776
3901
3409
3626
21218
9831
25282
20787
23105
13434
7996
18552
21286
975
7213
20499
2632
13046
797
5979
7694
19419
6841
6853
25231
3554
21526
750
20229
23021
9007
21005
403
12415
21658
18648
19274
20421
12917
12888
4364
20912
4921
22678
18914
12134
13686
18573
22207
14482
24551
411
7383
4873
7263
3123
5455
25816
900
25683
22318
9907
17197
22721
19349
12337
14850
12104
3267
24794
24992
4659
19188
3394
818
8611
12555
14503
666
5272
2466
25216
5682
6876
599
12944
9998
6053
12241
7926
2245
5069
17832
19442
24817
10662
5260
10176
19794
8526
8452
18267
13184
24667
18688
11029
6759
1753
25531
4452
7024
25025
178
9733
5382
776
22676
12408
3856
5426
20333
6100
7522
8674
25541
5820
16363
1310
15996
6666
9836
24447
24932
20047
19623
14130
1586
23409
12910
598
1343
16961
22650
1520
175
25060
25841
19878
10949
3178
25303
1791
6305
6307
7492
5328
9154
20882
6637
25149
1030
13500
20105
22989
4057
13209
10600
5642
7128
20537
3267
8470
10979
25917
9989
8181
24458
9311
1540
5916
9516
325
4734
15820
3659
9253
18175
12812
3616
21840
8471
4645
5849
25603
1116
9905
9322
8743
12574
16449
2762
12869
24918
10768
12267
5416
18949
7234
11754
17516
10177
21269
17840
11938
7598
18526
21190
25773
1848
24805
21094
7346
26478
23970
6430
1075
4385
15751
6845
16958
2709
6634
3308
24654
17402
12602
3551
6860
16863
15304
24375
521
7082
12725
12458
14680
1760
4157
10962
635
2444
2565
7980
2403
16
11438
505
